q_1 : 0.5
q_2 : 1.0
q_3 : 0.030303030303030304
q_4 : 0.5
q_5 : 0.5
q_6 : 0.5
q_7 : 1.0
q_8 : 1.0
q_9 : 0.25
q_10 : 1.0
q_11 : 1.0
q_12 : 1.0
q_13 : 1.0
q_14 : 0.14285714285714285
q_15 : 0.25
q_16 : 0.25
q_17 : 1.0
q_18 : 0.1111111111111111
q_19 : 1.0
q_20 : 1.0
q_21 : 0.125
q_22 : 0.5
q_23 : 1.0
q_24 : 0.2
q_25 : 1.0
q_26 : 0.25
q_27 : 1.0
q_28 : 1.0
q_29 : 0.3333333333333333
q_30 : 0.3333333333333333
q_31 : 0.125
q_32 : 1.0
q_33 : 0.5
q_36 : 0.5
q_37 : 1.0
q_38 : 0.25
q_39 : 0.5
q_40 : 0.2
q_42 : 0.25
q_43 : 0.16666666666666666
q_44 : 1.0
q_45 : 1.0
q_48 : 0.3333333333333333
q_49 : 0.3333333333333333
q_57 : 0.0009132420091324201
q_58 : 1.0
q_59 : 1.0
q_60 : 0.3333333333333333
q_61 : 1.0
q_62 : 0.029411764705882353
q_63 : 1.0
q_64 : 1.0
