MAP SCORES FOR TF IDF 

q_1 : 0.0059625782919914185
q_2 : 0.006952735604027902
q_3 : 0.0051614613968498655
q_4 : 0.012014482398529943
q_5 : 0.012020896011492635
q_6 : 0.0066887010843762786
q_7 : 0.03423163155465254
q_8 : 0.0065776935261161445
q_9 : 0.01839380184853514
q_10 : 0.05044392397431783
q_11 : 0.11271628541803694
q_12 : 0.03469925013449281
q_13 : 0.02270467202166427
q_14 : 0.02740157901364481
q_15 : 0.01334537443160428
q_16 : 0.018766007870914887
q_17 : 0.019900569211159937
q_18 : 0.01476296489308234
q_19 : 0.075886531399435
q_20 : 0.006315155203884891
q_21 : 0.015006984884273735
q_22 : 0.009327292014400293
q_23 : 0.015201248410065763
q_24 : 0.03970033122692168
q_25 : 0.050777197879431295
q_26 : 0.039467561135357425
q_27 : 0.047427385726588445
q_28 : 0.01052956885051493
q_29 : 0.03951168784700635
q_30 : 0.008027332831203242
q_31 : 0.0052575266120249665
q_32 : 0.003824489293290069
q_33 : 0.002836233746428876
q_36 : 0.020038854819453774
q_37 : 0.014380498486706096
q_38 : 0.019308298367294495
q_39 : 0.022545771528385775
q_40 : 0.019886123130842277
q_42 : 0.02417279343218081
q_43 : 0.03184143575414857
q_44 : 0.015567852617937162
q_45 : 0.03795432323243411
q_48 : 0.01669682777009716
q_49 : 0.009431055101967564
q_57 : 0.0004395228504908853
q_58 : 0.02768675166376933
q_59 : 0.048004334926778754
q_60 : 0.03730294282368739
q_61 : 0.0443400133416557
q_62 : 0.01071763506694359
q_63 : 0.022738286090572737
q_64 : 0.0031379339606944644
