q_1 : 0.024390243902439025
q_2 : 0.1111111111111111
q_3 : 0.0196078431372549
q_4 : 0.5
q_5 : 1.0
q_6 : 0.125
q_7 : 1.0
q_8 : 0.2
q_9 : 0.3333333333333333
q_10 : 0.16666666666666666
q_11 : 1.0
q_12 : 0.5
q_13 : 0.2
q_14 : 1.0
q_15 : 0.5
q_16 : 0.2
q_17 : 0.14285714285714285
q_18 : 0.1111111111111111
q_19 : 1.0
q_20 : 0.024390243902439025
q_21 : 0.3333333333333333
q_22 : 0.07142857142857142
q_23 : 0.5
q_24 : 0.5
q_25 : 1.0
q_26 : 0.125
q_27 : 0.5
q_28 : 0.5
q_29 : 1.0
q_30 : 0.25
q_31 : 1.0
q_32 : 0.2
q_33 : 0.3333333333333333
q_36 : 0.1111111111111111
q_37 : 1.0
q_38 : 0.3333333333333333
q_39 : 1.0
q_40 : 1.0
q_42 : 0.3333333333333333
q_43 : 1.0
q_44 : 1.0
q_45 : 0.5
q_48 : 1.0
q_49 : 0.037037037037037035
q_57 : 0.001199040767386091
q_58 : 0.5
q_59 : 0.5
q_60 : 1.0
q_61 : 0.25
q_62 : 0.05555555555555555
q_63 : 0.3333333333333333
q_64 : 0.25
