q_1 : 0.2
q_2 : 1.0
q_3 : 0.029411764705882353
q_4 : 0.3333333333333333
q_5 : 1.0
q_6 : 0.5
q_7 : 1.0
q_8 : 1.0
q_9 : 1.0
q_10 : 1.0
q_11 : 1.0
q_12 : 1.0
q_13 : 1.0
q_14 : 1.0
q_15 : 0.3333333333333333
q_16 : 0.5
q_17 : 1.0
q_18 : 0.16666666666666666
q_19 : 1.0
q_20 : 1.0
q_21 : 0.16666666666666666
q_22 : 0.3333333333333333
q_23 : 1.0
q_24 : 1.0
q_25 : 1.0
q_26 : 0.25
q_27 : 0.5
q_28 : 1.0
q_29 : 0.2
q_30 : 0.03225806451612903
q_31 : 0.3333333333333333
q_32 : 0.5
q_33 : 1.0
q_36 : 1.0
q_37 : 1.0
q_38 : 1.0
q_39 : 0.5
q_40 : 0.5
q_42 : 0.25
q_43 : 0.3333333333333333
q_44 : 1.0
q_45 : 1.0
q_48 : 1.0
q_49 : 0.043478260869565216
q_57 : 0.0018050541516245488
q_58 : 1.0
q_59 : 0.25
q_60 : 0.5
q_61 : 1.0
q_62 : 0.04
q_63 : 1.0
q_64 : 1.0
