MAP SCORES FOR TF IDF 

q_1 : 0.008232976187095748
q_2 : 0.011984944271709744
q_3 : 0.00620626379687693
q_4 : 0.01019737261756207
q_5 : 0.010709763110840783
q_6 : 0.006813785617723155
q_7 : 0.031052490246731443
q_8 : 0.00752314957619305
q_9 : 0.019758918021680096
q_10 : 0.06107600766185948
q_11 : 0.12030976174404576
q_12 : 0.03882303581097749
q_13 : 0.026149390614985397
q_14 : 0.027217198547365883
q_15 : 0.012500484056709437
q_16 : 0.0212451585885038
q_17 : 0.02250839907765112
q_18 : 0.016748310296473556
q_19 : 0.10559386393252983
q_20 : 0.01172285782576596
q_21 : 0.017401940064205108
q_22 : 0.01337076373579858
q_23 : 0.015026577452602866
q_24 : 0.04671669255072531
q_25 : 0.06099779219406489
q_26 : 0.04507066183177964
q_27 : 0.046268888424433566
q_28 : 0.011047556029378893
q_29 : 0.03705360278381117
q_30 : 0.004771755714210843
q_31 : 0.004749010313252491
q_32 : 0.004266925337213587
q_33 : 0.0034923985773121047
q_36 : 0.03584016911870545
q_37 : 0.014285204618366508
q_38 : 0.01585803457710814
q_39 : 0.022310877591368537
q_40 : 0.023060424737294104
q_42 : 0.029138438529789448
q_43 : 0.03911778867128409
q_44 : 0.015411027658061103
q_45 : 0.03885226982554337
q_48 : 0.007859767604530173
q_49 : 0.009273781284212723
q_57 : 0.0006364309187995229
q_58 : 0.031693061850577
q_59 : 0.03734028396815462
q_60 : 0.03204958486275377
q_61 : 0.04257951372784424
q_62 : 0.010970976417980116
q_63 : 0.029327790032570866
q_64 : 0.0042187729829383375
