q_1 : 0.1111111111111111
q_2 : 1.0
q_3 : 0.02631578947368421
q_4 : 0.2
q_5 : 1.0
q_6 : 0.5
q_7 : 1.0
q_8 : 1.0
q_9 : 1.0
q_10 : 1.0
q_11 : 1.0
q_12 : 1.0
q_13 : 1.0
q_14 : 0.14285714285714285
q_15 : 0.3333333333333333
q_16 : 0.2
q_17 : 1.0
q_18 : 0.125
q_19 : 1.0
q_20 : 1.0
q_21 : 0.125
q_22 : 0.3333333333333333
q_23 : 1.0
q_24 : 0.5
q_25 : 1.0
q_26 : 0.3333333333333333
q_27 : 0.5
q_28 : 1.0
q_29 : 0.3333333333333333
q_30 : 0.007633587786259542
q_31 : 1.0
q_32 : 0.5
q_33 : 0.3333333333333333
q_36 : 1.0
q_37 : 0.5
q_38 : 1.0
q_39 : 1.0
q_40 : 1.0
q_42 : 0.16666666666666666
q_43 : 0.16666666666666666
q_44 : 1.0
q_45 : 1.0
q_48 : 1.0
q_49 : 0.034482758620689655
q_57 : N/A
q_58 : 1.0
q_59 : 0.5
q_60 : 0.3333333333333333
q_61 : 0.5
q_62 : 0.14285714285714285
q_63 : 1.0
q_64 : 1.0
