q_1 : 0.03571428571428571
q_2 : 1.0
q_3 : 0.025
q_4 : 0.5
q_5 : 0.25
q_6 : 0.25
q_7 : 1.0
q_8 : 0.5
q_9 : 0.5
q_10 : 0.5
q_11 : 1.0
q_12 : 1.0
q_13 : 0.25
q_14 : 1.0
q_15 : 0.5
q_16 : 0.14285714285714285
q_17 : 0.1111111111111111
q_18 : 0.1
q_19 : 1.0
q_20 : 0.09090909090909091
q_21 : 0.5
q_22 : 1.0
q_23 : 1.0
q_24 : 1.0
q_25 : 1.0
q_26 : 0.1
q_27 : 1.0
q_28 : 0.5
q_29 : 0.5
q_30 : 0.5
q_31 : 1.0
q_32 : 0.5
q_33 : 0.3333333333333333
q_36 : 1.0
q_37 : 1.0
q_38 : 1.0
q_39 : 1.0
q_40 : 0.5
q_42 : 0.5
q_43 : 0.5
q_44 : 1.0
q_45 : 0.3333333333333333
q_48 : 1.0
q_49 : 0.045454545454545456
q_57 : N/A
q_58 : 1.0
q_59 : 0.3333333333333333
q_60 : 1.0
q_61 : 0.5
q_62 : 0.1111111111111111
q_63 : 1.0
q_64 : 1.0
