MAP SCORES FOR TF IDF 

q_1 : 0.013931611671002694
q_2 : 0.007318241176692321
q_3 : 0.013037371549616055
q_4 : 0.012712938306882167
q_5 : 0.00919997015250239
q_6 : 0.0059216150572836326
q_7 : 0.026929443148483008
q_8 : 0.021947960663548705
q_9 : 0.044262430348732035
q_10 : 0.1756242978707803
q_11 : 0.14179621386851032
q_12 : 0.03574924034442294
q_13 : 0.09447451888668246
q_14 : 0.07355431255118394
q_15 : 0.05958797550303573
q_16 : 0.0437875033838431
q_17 : 0.09243649805649962
q_18 : 0.03995165171139262
q_19 : 0.1024072110789236
q_20 : 0.03545094386019677
q_21 : 0.04042013646890966
q_22 : 0.023382038129536986
q_23 : 0.045832045519006104
q_24 : 0.038608349433911296
q_25 : 0.1010943966559573
q_26 : 0.08098825163909149
q_27 : 0.10684275873388922
q_28 : 0.01023556036029246
q_29 : 0.08124333203318616
q_30 : 0.0029816801478923702
q_31 : 0.004456477052186067
q_32 : 0.0034326646820848766
q_33 : 0.002231340483783006
q_36 : 0.049761981293390885
q_37 : 0.013743035931382574
q_38 : 0.023739245364247322
q_39 : 0.018559571318298686
q_40 : 0.05872672297985267
q_42 : 0.02027123860850122
q_43 : 0.03271686396650198
q_44 : 0.012472598832929744
q_45 : 0.028402533556814467
q_48 : 0.012842132845550566
q_49 : 0.015817004234747852
q_57 : 0.0
q_58 : 0.02790901459185419
q_59 : 0.08798019932420667
q_60 : 0.029692924263882464
q_61 : 0.04080750890395263
q_62 : 0.028718742466136298
q_63 : 0.1001685778187024
q_64 : 0.0027175141194121484
