q_1 : 0.02702702702702703
q_2 : 0.125
q_3 : 0.02
q_4 : 0.5
q_5 : 1.0
q_6 : 0.1111111111111111
q_7 : 1.0
q_8 : 0.2
q_9 : 0.5
q_10 : 0.16666666666666666
q_11 : 0.3333333333333333
q_12 : 0.5
q_13 : 0.2
q_14 : 1.0
q_15 : 0.5
q_16 : 0.25
q_17 : 0.14285714285714285
q_18 : 0.1111111111111111
q_19 : 1.0
q_20 : 0.125
q_21 : 0.3333333333333333
q_22 : 0.07692307692307693
q_23 : 0.5
q_24 : 0.5
q_25 : 1.0
q_26 : 0.14285714285714285
q_27 : 0.5
q_28 : 0.5
q_29 : 1.0
q_30 : 0.25
q_31 : 1.0
q_32 : 0.2
q_33 : 0.3333333333333333
q_36 : 0.5
q_37 : 1.0
q_38 : 0.3333333333333333
q_39 : 1.0
q_40 : 1.0
q_42 : 0.3333333333333333
q_43 : 1.0
q_44 : 1.0
q_45 : 0.3333333333333333
q_48 : 1.0
q_49 : 0.03571428571428571
q_57 : 0.0011248593925759281
q_58 : 0.5
q_59 : 0.5
q_60 : 1.0
q_61 : 0.25
q_62 : 0.058823529411764705
q_63 : 0.3333333333333333
q_64 : 0.14285714285714285
