q_1 : 0.0125
q_2 : 0.005263157894736842
q_3 : 0.1111111111111111
q_4 : 0.0015527950310559005
q_5 : 0.004
q_6 : 0.0018214936247723133
q_7 : 0.0022222222222222222
q_8 : 0.02564102564102564
q_9 : 0.01282051282051282
q_10 : 0.3333333333333333
q_11 : 0.07692307692307693
q_12 : 0.020833333333333332
q_13 : 0.3333333333333333
q_14 : 0.016666666666666666
q_15 : 0.015384615384615385
q_16 : 0.25
q_17 : 0.5
q_18 : 0.010869565217391304
q_19 : 0.02631578947368421
q_20 : 0.010869565217391304
q_21 : 0.037037037037037035
q_22 : 0.004219409282700422
q_23 : 0.037037037037037035
q_24 : 1.0
q_25 : 0.024390243902439025
q_26 : 0.09090909090909091
q_27 : 0.125
q_28 : 0.005917159763313609
q_29 : 0.5
q_30 : 0.002012072434607646
q_31 : 0.0006743088334457181
q_32 : 0.008695652173913044
q_33 : 0.0006821282401091405
q_36 : 0.0035842293906810036
q_37 : 0.0017006802721088435
q_38 : 0.0078125
q_39 : 0.0023923444976076554
q_40 : 0.02040816326530612
q_42 : 0.005076142131979695
q_43 : 0.017543859649122806
q_44 : 0.0078125
q_45 : 0.017857142857142856
q_48 : 0.0020408163265306124
q_49 : 0.005235602094240838
q_57 : N/A
q_58 : 1.0
q_59 : 0.02702702702702703
q_60 : 0.0031645569620253164
q_61 : 0.004608294930875576
q_62 : 0.013513513513513514
q_63 : 0.014492753623188406
q_64 : 0.0010256410256410256
