MAP SCORES FOR TF IDF 

q_1 : 0.005108773173356427
q_2 : 0.0010166056972935298
q_3 : 0.01601681601273528
q_4 : 0.0020773889284484114
q_5 : 0.002318708260195882
q_6 : 0.001096925544376415
q_7 : 0.007776309597225779
q_8 : 0.006539578307263817
q_9 : 0.0171321267235244
q_10 : 0.059371827252734016
q_11 : 0.058087968557339
q_12 : 0.011126337298319137
q_13 : 0.030591925608920476
q_14 : 0.023443792450703643
q_15 : 0.013748170803637468
q_16 : 0.022479691673635924
q_17 : 0.04996334584514156
q_18 : 0.00926694916934794
q_19 : 0.016443869634389773
q_20 : 0.004656398458895136
q_21 : 0.019068575659213306
q_22 : 0.00453113304191469
q_23 : 0.008187417093768785
q_24 : 0.03671313030883771
q_25 : 0.03214714256641413
q_26 : 0.027517186390390858
q_27 : 0.03936469172753375
q_28 : 0.002391691040888932
q_29 : 0.01759225265839716
q_30 : 0.0011124246124023778
q_31 : 0.0003241154710236902
q_32 : 0.0013038624093295243
q_33 : 0.00024408472708725606
q_36 : 0.010001682035541953
q_37 : 0.002809130486879973
q_38 : 0.006713056944262112
q_39 : 0.0025343897737502936
q_40 : 0.012053055555611196
q_42 : 0.004355262441622412
q_43 : 0.012645466146353899
q_44 : 0.005622798240524073
q_45 : 0.007927132681362708
q_48 : 0.0032448559155773245
q_49 : 0.005441955627298044
q_57 : 0.0
q_58 : 0.01614162684602328
q_59 : 0.031819882913422755
q_60 : 0.0062424200230446186
q_61 : 0.005380889009467051
q_62 : 0.008620084358062177
q_63 : 0.015862909403322262
q_64 : 0.0003718725383665729
