MAP SCORES FOR TF IDF 

q_1 : 0.010706938651493445
q_2 : 0.011984944271709744
q_3 : 0.006259414093769709
q_4 : 0.011308264102017062
q_5 : 0.012355300208391064
q_6 : 0.006677627706238735
q_7 : 0.034290233358122674
q_8 : 0.00897739297256645
q_9 : 0.020841687903274564
q_10 : 0.05994310129875025
q_11 : 0.10940159597133518
q_12 : 0.038380508458648877
q_13 : 0.02593360426502363
q_14 : 0.02317071960097282
q_15 : 0.012716675066388851
q_16 : 0.02030743557095904
q_17 : 0.022862122834358078
q_18 : 0.015483943779159737
q_19 : 0.10232251674367486
q_20 : 0.011593372275347302
q_21 : 0.017156498910923492
q_22 : 0.016375159663497094
q_23 : 0.014758176785962822
q_24 : 0.040675982773043
q_25 : 0.05935398861264181
q_26 : 0.04598773176845368
q_27 : 0.04398624160519054
q_28 : 0.011603311376929408
q_29 : 0.035517708854020114
q_30 : 0.00816477197751929
q_31 : 0.0037585127249970284
q_32 : 0.005081277953595816
q_33 : 0.0030745130779389353
q_36 : 0.036264391683242254
q_37 : 0.0146448882240596
q_38 : 0.016980265211113895
q_39 : 0.022054362068789853
q_40 : 0.021980146620783826
q_42 : 0.028743671545688503
q_43 : 0.03961074578001546
q_44 : 0.018255070628493613
q_45 : 0.036764126800688496
q_48 : 0.009749659562705973
q_49 : 0.012582943254949446
q_57 : 0.0003084890892699681
q_58 : 0.029602405655177473
q_59 : 0.04680376101026369
q_60 : 0.03191616035907929
q_61 : 0.044188757186199884
q_62 : 0.00966421621042972
q_63 : 0.027853202373888712
q_64 : 0.0042187729829383375
