MAP SCORES FOR TF IDF 

q_1 : 0.011619903634552516
q_2 : 0.12923383490976534
q_3 : 0.01279981058977732
q_4 : 0.0361372519752461
q_5 : 0.03235816878395238
q_6 : 0.07046313598847764
q_7 : 0.08608085201754223
q_8 : 0.017598322079921746
q_9 : 0.04905075179402069
q_10 : 0.14834470607089711
q_11 : 0.14273187674587973
q_12 : 0.03699811009590851
q_13 : 0.07686791060455199
q_14 : 0.07743741880888491
q_15 : 0.06531229925156959
q_16 : 0.0376438372312298
q_17 : 0.0741004218707294
q_18 : 0.03771258488224808
q_19 : 0.09082616620869806
q_20 : 0.02103045982177204
q_21 : 0.040064106895887956
q_22 : 0.06353156200218185
q_23 : 0.04841159450632289
q_24 : 0.04436206630196082
q_25 : 0.08560434426128546
q_26 : 0.0721967791323099
q_27 : 0.11659699924988609
q_28 : 0.036645316657946396
q_29 : 0.08194515155392429
q_30 : 0.02020617065381258
q_31 : 0.015663889572709734
q_32 : 0.009790546019093831
q_33 : 0.0177238570905529
q_36 : 0.04183945245885721
q_37 : 0.030179387420881557
q_38 : 0.08379788502930907
q_39 : 0.053882029904261074
q_40 : 0.04378579703646949
q_42 : 0.04075916961384122
q_43 : 0.055256236106143004
q_44 : 0.02665495721135969
q_45 : 0.05684222761349061
q_48 : 0.02167173382762649
q_49 : 0.020715305118934338
q_57 : 0.0
q_58 : 0.05666219097373211
q_59 : 0.08963904756903342
q_60 : 0.06783318344067019
q_61 : 0.11782509561028691
q_62 : 0.029335012393600507
q_63 : 0.08238667101509879
q_64 : 0.050953710860182654
