MAP SCORES FOR TF IDF 

q_1 : 0.006805367436755822
q_2 : 0.006998978794925813
q_3 : 0.005128444589777689
q_4 : 0.011899440200274506
q_5 : 0.012287905093051913
q_6 : 0.006565832545758307
q_7 : 0.034227050517422294
q_8 : 0.006498059881865881
q_9 : 0.018735626564601673
q_10 : 0.0539346357639916
q_11 : 0.1183519144066513
q_12 : 0.03428974164669104
q_13 : 0.02275604532141076
q_14 : 0.027715228699144674
q_15 : 0.013183178216492314
q_16 : 0.018647404171306333
q_17 : 0.019488017639103506
q_18 : 0.015936166793970367
q_19 : 0.07470360732551826
q_20 : 0.008096062373152918
q_21 : 0.014972130590668249
q_22 : 0.009072980203555939
q_23 : 0.015193452098800703
q_24 : 0.03928967807099449
q_25 : 0.05051290084792282
q_26 : 0.040125100648794994
q_27 : 0.04700448030429512
q_28 : 0.010446243564613818
q_29 : 0.03947534683938436
q_30 : 0.007914879101431361
q_31 : 0.005284114532848763
q_32 : 0.003994824245265184
q_33 : 0.002828253673171478
q_36 : 0.020295951352287823
q_37 : 0.0146894977310812
q_38 : 0.019571410088880452
q_39 : 0.02235099099307659
q_40 : 0.01956471381971443
q_42 : 0.023900418280734328
q_43 : 0.03145248449183041
q_44 : 0.01585582116655835
q_45 : 0.03767265200848133
q_48 : 0.0161885225944609
q_49 : 0.009591692255362102
q_57 : 0.00040895861808336374
q_58 : 0.031076572592474934
q_59 : 0.04800045155466614
q_60 : 0.038533992413643775
q_61 : 0.044156512565456864
q_62 : 0.011881502422513039
q_63 : 0.0236895930233669
q_64 : 0.0028300973670153094
