CACM-2415 : 0.3564881978383928
CACM-0145 : 0.3327223179825
CACM-0034 : 0.3327223179825
CACM-0193 : 0.27726859831874995
CACM-0273 : 0.27726859831874995
CACM-0018 : 0.25594024460192305
CACM-1624 : 0.2464609762833333
CACM-2942 : 0.23397826052275494
CACM-0098 : 0.2079514487390625
CACM-0189 : 0.2079514487390625
CACM-2239 : 0.2079514487390625
CACM-2074 : 0.20164988968636363
CACM-0329 : 0.2007807091273707
CACM-0022 : 0.1901073366747384
CACM-0987 : 0.18484573221249997
CACM-2024 : 0.17511700946447367
CACM-0080 : 0.16636115899125
CACM-0274 : 0.16636115899125
CACM-0400 : 0.15208586933979074
CACM-1682 : 0.14717987355463616
CACM-2585 : 0.14484368508551496
CACM-0097 : 0.14466187738369565
CACM-1044 : 0.14466187738369565
CACM-1087 : 0.12797012230096153
CACM-3184 : 0.11882939927946427
CACM-1352 : 0.11674467297631577
CACM-1457 : 0.11628024041313226
CACM-0059 : 0.1109074393275
CACM-3031 : 0.1041684036573909
CACM-1252 : 0.10315067815367887
CACM-2193 : 0.10139057955986047
CACM-0718 : 0.10082494484318182
CACM-1167 : 0.10082494484318182
CACM-1050 : 0.09811991570309078
CACM-0084 : 0.09785950528897058
CACM-1516 : 0.09785950528897058
CACM-1483 : 0.09656245672367664
CACM-1852 : 0.09605423326723625
CACM-2155 : 0.0950536683373692
CACM-1053 : 0.0950536683373692
CACM-3103 : 0.0909848652374402
CACM-2307 : 0.09053668516530611
CACM-1009 : 0.08690621105130898
CACM-1213 : 0.08690621105130898
CACM-2210 : 0.08642138129415584
CACM-1905 : 0.08528179589147143
CACM-1625 : 0.08387957596197479
CACM-1774 : 0.08271351385221837
CACM-2287 : 0.08249313668987603
CACM-2438 : 0.08069839961983466
CACM-0822 : 0.08004519438936353
CACM-0086 : 0.07737728325174419
CACM-1395 : 0.07700550346318517
CACM-2355 : 0.07634774603500641
CACM-1029 : 0.07619595068301527
CACM-2545 : 0.07604293466989537
CACM-1810 : 0.07561870863238636
CACM-2871 : 0.07505014691334586
CACM-2286 : 0.07393829288499999
CACM-2711 : 0.07339462896672794
CACM-2699 : 0.07233093869184783
CACM-2207 : 0.07233093869184783
CACM-1902 : 0.07155318666290322
CACM-1173 : 0.07155318666290322
CACM-3093 : 0.07155318666290322
CACM-2357 : 0.0712902512530269
CACM-3193 : 0.07079198254946809
CACM-2034 : 0.07073761364641429
CACM-2950 : 0.07019347815682649
CACM-1744 : 0.06912994060899579
CACM-1424 : 0.06790251387397958
CACM-2217 : 0.06448106937645348
CACM-2597 : 0.06403615551149082
CACM-2082 : 0.06277779584575471
CACM-0236 : 0.06277779584575471
CACM-1858 : 0.061615244070833325
CACM-1646 : 0.06083434773591629
CACM-1248 : 0.06049496690590909
CACM-1392 : 0.059062473530015806
CACM-2169 : 0.05739089409048706
CACM-2536 : 0.05739089409048706
CACM-1353 : 0.05736591689353448
CACM-3047 : 0.05736591689353448
CACM-1415 : 0.05736591689353448
CACM-2718 : 0.05545371966375
CACM-2151 : 0.05530395248719662
CACM-2527 : 0.05383570596098786
CACM-3109 : 0.053363462926242354
CACM-1351 : 0.052813066346428565
CACM-2399 : 0.05244340322061749
CACM-2050 : 0.052397215430314954
CACM-0617 : 0.05198786218476562
CACM-2130 : 0.05079730045534351
CACM-0974 : 0.05041247242159091
CACM-2420 : 0.049292195256666664
CACM-2884 : 0.04905995785154539
CACM-1710 : 0.04828122836183832
CACM-1657 : 0.0475268341686846
CACM-1515 : 0.04679565210455099
CACM-2209 : 0.04679565210455099
